function mpc = case11
%%AUTHORS:Meisam Mahdavi, Hassan Haes Alhelou, Paul Cuffe
%%PAPER TITLE:"Test Systems for Reconfiguration and Operation of Electric Power Distribution Networks"
%CASE11:TEST SYSTEM 11: "DISTRIBUTION NETWORK OF TAIWAN POWER COMPANY (TPC)"
%
%  DATA from our paper: "Test Systems for Reconfiguration and Operation of Electric Power Distribution Networks" 
%      
% 
%  02/02/2021       DISTRIBUTION NETWORK OF TAIWAN POWER COMPANY (TPC) By H.H. Alhelou & P.Cuffe

%   MATPOWER

%% MATPOWER Case Format : Version 2
mpc.version = '2';


%%-----  Power Flow Data  -----%%
%% system MVA base
mpc.baseMVA = 0.1;
%% system MVA base
Vnom  = 11.4;	%Nominal line voltage (kV)
Vbase = 11.4;	%Base line voltage (kV)
Sbase = 100;	%3-Phase base power (kVA)

%%%NOTE: Bus84(A,B,C,D,F)&Bus85(G,H,I,J,K)=Connection with trnasmission systems.

%% bus data
%	bus_i	type	Pd	Qd	Gs	Bs	area	Vm	Va	baseKV	zone	Vmax	Vmin
mpc.bus = [ %% (Pd and Qd are specified in kW & kVAr here, converted to MW & MVAr below)
		1	1		0		0  0	0	1	1	0	11.4	1	1.05	0.95;
		2	1		100		50  0	0	1	1	0	11.4	1	1.05	0.95;
		3	1		300		200  0	0	1	1	0	11.4	1	1.05	0.95;
		4	1		350		250  0	0	1	1	0	11.4	1	1.05	0.95;
		5	1		220		100  0	0	1	1	0	11.4	1	1.05	0.95;
		6	1		1100	800  0	0	1	1	0	11.4	1	1.05	0.95;
		7	1		400		320  0	0	1	1	0	11.4	1	1.05	0.95;
		8	1		300		200  0	0	1	1	0	11.4	1	1.05	0.95;
		9	1		300		230  0	0	1	1	0	11.4	1	1.05	0.95;
		10	1		300		260  0	0	1	1	0	11.4	1	1.05	0.95;
		11	1		0		0  0	0	1	1	0	11.4	1	1.05	0.95;
		12	1		1200	800  0	0	1	1	0	11.4	1	1.05	0.95;
		13	1		800		600  0	0	1	1	0	11.4	1	1.05	0.95;
		14	1		700		500  0	0	1	1	0	11.4	1	1.05	0.95;
		15	1		0		0  0	0	1	1	0	11.4	1	1.05	0.95;
		16	1		300		150  0	0	1	1	0	11.4	1	1.05	0.95;
		17	1		500		350  0	0	1	1	0	11.4	1	1.05	0.95;
		18	1		700		400  0	0	1	1	0	11.4	1	1.05	0.95;
		19	1		1200	1000  0	0	1	1	0	11.4	1	1.05	0.95;
		20	1		300		300  0	0	1	1	0	11.4	1	1.05	0.95;
		21	1		400		350  0	0	1	1	0	11.4	1	1.05	0.95;
		22	1		50		20  0	0	1	1	0	11.4	1	1.05	0.95;
		23	1		50		20  0	0	1	1	0	11.4	1	1.05	0.95;
		24	1		50		10  0	0	1	1	0	11.4	1	1.05	0.95;
		25	1		50		30  0	0	1	1	0	11.4	1	1.05	0.95;
		26	1		100		60  0	0	1	1	0	11.4	1	1.05	0.95;
		27	1		100		70  0	0	1	1	0	11.4	1	1.05	0.95;
		28	1		1800	1300  0	0	1	1	0	11.4	1	1.05	0.95;
		29	1		200		120  0	0	1	1	0	11.4	1	1.05	0.95;
		30	1		0		0  0	0	1	1	0	11.4	1	1.05	0.95;
		31	1		1800	1600  0	0	1	1	0	11.4	1	1.05	0.95;
		32	1		200		150  0	0	1	1	0	11.4	1	1.05	0.95;
		33	1		200		100  0	0	1	1	0	11.4	1	1.05	0.95;
		34	1		800		600  0	0	1	1	0	11.4	1	1.05	0.95;
		35	1		100		60  0	0	1	1	0	11.4	1	1.05	0.95;
		36	1		100		60  0	0	1	1	0	11.4	1	1.05	0.95;
		37	1		20		10  0	0	1	1	0	11.4	1	1.05	0.95;
		38	1		20		10  0	0	1	1	0	11.4	1	1.05	0.95;
		39	1		20		10  0	0	1	1	0	11.4	1	1.05	0.95;
		40	1		20		10  0	0	1	1	0	11.4	1	1.05	0.95;
		41	1		200		160  0	0	1	1	0	11.4	1	1.05	0.95;
		42	1		50		30  0	0	1	1	0	11.4	1	1.05	0.95;
		43	1		0		0  0	0	1	1	0	11.4	1	1.05	0.95;
		44	1		30		20  0	0	1	1	0	11.4	1	1.05	0.95;
		45	1		800		700  0	0	1	1	0	11.4	1	1.05	0.95;
		46	1		200		150  0	0	1	1	0	11.4	1	1.05	0.95;
		47	1		0		0  0	0	1	1	0	11.4	1	1.05	0.95;
		48	1		0		0  0	0	1	1	0	11.4	1	1.05	0.95;
		49	1		0		0  0	0	1	1	0	11.4	1	1.05	0.95;
		50	1		200		160  0	0	1	1	0	11.4	1	1.05	0.95;
		51	1		800		600  0	0	1	1	0	11.4	1	1.05	0.95;
		52	1		500		300  0	0	1	1	0	11.4	1	1.05	0.95;
		53	1		500		350  0	0	1	1	0	11.4	1	1.05	0.95;
		54	1		500		300  0	0	1	1	0	11.4	1	1.05	0.95;
		55	1		200		80  0	0	1	1	0	11.4	1	1.05	0.95;
		56	1		0		0   0	0	1	1	0	11.4	1	1.05	0.95;
		57	1		30		20  0	0	1	1	0	11.4	1	1.05	0.95;
		58	1		600		420  0	0	1	1	0	11.4	1	1.05	0.95;
		59	1		0		0  0	0	1	1	0	11.4	1	1.05	0.95;
		60	1		20		10  0	0	1	1	0	11.4	1	1.05	0.95;
		61	1		20		10  0	0	1	1	0	11.4	1	1.05	0.95;
		62	1		200		130  0	0	1	1	0	11.4	1	1.05	0.95;
		63	1		300		240  0	0	1	1	0	11.4	1	1.05	0.95;
		64	1		300		200  0	0	1	1	0	11.4	1	1.05	0.95;
		65	1		0		0  0	0	1	1	0	11.4	1	1.05	0.95;
		66	1		50		30  0	0	1	1	0	11.4	1	1.05	0.95;
		67	1		0		0  0	0	1	1	0	11.4	1	1.05	0.95;
		68	1		400		360  0	0	1	1	0	11.4	1	1.05	0.95;
		69	1		0		0  0	0	1	1	0	11.4	1	1.05	0.95;
		70	1		0		0  0	0	1	1	0	11.4	1	1.05	0.95;
		71	1		2000	1500  0	0	1	1	0	11.4	1	1.05	0.95;
		72	1		200		150  0	0	1	1	0	11.4	1	1.05	0.95;
		73	1		0		0  0	0	1	1	0	11.4	1	1.05	0.95;
		74	1		0		0  0	0	1	1	0	11.4	1	1.05	0.95;
		75	1		1200	950  0	0	1	1	0	11.4	1	1.05	0.95;
		76	1		300		180  0	0	1	1	0	11.4	1	1.05	0.95;
		77	1		0		0  0	0	1	1	0	11.4	1	1.05	0.95;
		78	1		400		360  0	0	1	1	0	11.4	1	1.05	0.95;
		79	1		2000	1300  0	0	1	1	0	11.4	1	1.05	0.95;
		80	1		200		140  0	0	1	1	0	11.4	1	1.05	0.95;
		81	1		500		360  0	0	1	1	0	11.4	1	1.05	0.95;
		82	1		100		30  0	0	1	1	0	11.4	1	1.05	0.95;
		83	1		400		360  0	0	1	1	0	11.4	1	1.05	0.95;
        84	3		0		0  0	0	1	1	0	11.4	1	1	1;
        85	3		0		0  0	0	1	1	0	11.4	1	1	1;
];


%% generator data
%	bus	Pg	Qg	Qmax	Qmin	Vg	mBase	status	Pmax	Pmin	Pc1	Pc2	Qc1min	Qc1max	Qc2min	Qc2max	ramp_agc	ramp_10	ramp_30	ramp_q	apf
mpc.gen = [
	84	0	0	10	-10	1	100	1	10	0	0	0	0	0	0	0	0	0	0	0	0;
    85	0	0	10	-10	1	100	1	10	0	0	0	0	0	0	0	0	0	0	0	0;
];
%% branch data
%	fbus	tbus	r	x	b	rateA	rateB	rateC	ratio	angle	status	angmin	angmax
